#TABLE

9

mage~
Mag~
5
8
8
13
1
2
1
5
1
3
1
1
1
1
1
1
511
1

cleric~
Cle~
6
9
8
12
1
2
1
5
1
1
1
1
1
3
1
1
255
1

thief~
Thi~
8
12
0
0
1
3
2
0
3
1
1
1
1
1
1
1
504
1

warrior~
War~
13
17
0
0
1
5
8
0
4
0
2
2
2
1
1
1
511
1

paladin~
Pal~
10
14
4
7
1
4
2
1
2
1
1
1
1
1
1
1
5
1

ranger~
Ran~
10
14
4
8
2
5
2
1
5
1
1
2
2
1
1
1
511
1

sage~
Sag~
5
7
8
13
1
2
0
5
0
2
1
0
0
4
0
0
511
0

monk~
Mon~
8
12
5
9
1
3
2
2
2
2
1
1
1
2
1
1
511
1

bard~
Bar~
9
13
7
10
2
4
1
2
2
1
1
1
2
2
0
0
511
0


