#TABLE

12

Left Hand~
14
2
20
50
80
5
20
45
15
40
70
20
30
10
20
10
15
20
30
10
15
20
10
20
30
5
5
6
7

Right Hand~
13
2
20
50
80
5
20
45
15
40
70
20
30
10
20
10
15
20
30
10
15
20
10
20
30
5
5
6
7

Finger~
1
2
20
50
80
5
20
45
15
40
70
20
30
10
20
10
15
20
30
10
15
20
10
20
30
5
5
6
7

Neck~
2
2
20
50
80
5
20
45
15
40
70
20
30
10
20
10
15
20
30
10
15
20
10
20
30
5
5
6
7

Body~
3
2
20
50
80
5
20
45
15
40
70
20
30
10
20
10
15
20
30
10
15
20
10
20
30
5
5
6
7

Head~
4
2
20
50
80
5
20
45
15
40
70
2
3
10
20
10
15
20
30
1
2
3
10
20
30
5
5
6
7

Legs~
5
2
20
50
80
5
20
45
15
40
70
20
30
10
20
10
15
20
30
10
15
20
10
20
30
5
5
6
7

Feet~
6
2
20
50
80
5
20
45
15
40
70
20
30
10
20
10
15
20
30
10
15
20
10
20
30
5
5
6
7

Hands~
7
2
20
50
80
5
20
45
15
40
70
20
30
10
20
10
15
20
30
10
15
20
10
20
30
5
5
6
7

Arms~
8
2
20
50
80
5
20
45
15
40
70
20
30
10
20
10
15
20
30
10
15
20
10
20
30
5
5
6
7

Waist~
11
2
20
50
80
5
20
45
15
40
70
20
30
10
20
10
15
20
30
10
15
20
10
20
30
5
5
6
7

Wrist~
12
2
20
50
80
5
20
45
15
40
70
20
30
10
20
10
15
20
30
10
15
20
10
20
30
5
5
6
7


